1110000111010110
1011111010100010
0110001000001010
1100011011001110
0001011110111010
0100101110001110
1101111100101111
0100111001111001
0001010001011101
0000000011100100
1010000010110110
1111001010110011
1111011010001000
0101010110011010
0100111110010110
0111111000111111
0101011001111101
0000010011111100
0000000110100110
1110101010110111
1110011000101001
0101010011011000
0000010110010111
0110101010100101
1111010000101101
0101010011110001
0010010010010101
0110000010100101
1110010010100101
0111010010110001
0110010010010100
0110010010110111
0110011010110101
0110010010111101
0100010110110101
0110110010110101
0111010000110101
0110010111110101
0010110010110100
0111000000100111
1110011111100101
0011110010111000
0101000100000110
1110111111100111
0010111000111000
0101000001001110
1000011011100110
0011001010101010
1100001110011110
1101111110101011
0100111100011000
0101110001011110
0001011001110110
0010001111101110
1000101110111110
1100101100111011
1100111001001000
0000010001011011
0000001011000101
1010000010111100
1101000110110011
1111111010000000
0110010000011010
0100011011010110
0010011010111110
0100001110101111
1100111110101101
0100110100111001
0101110001010100
0011010101110110
0010101111100110
1011101000111110
1100001001111011
1001011011001001
0001000110001001
1100100110010100
1110110000100011
0110011101010000
0010110111011111
0001101100100100
1111100101111111
1000111001100000
0010000101001011
1000101011010101
1010000000111000
1101000011010010
1011011010000011
0111001010001000
1100010110001110
0101111110110011
0111111000011100
0101010001111111
0000011011110100
0010000010101110
1100001110110111
1111111010101001
0100010100011000
0100110011010110
0011011000110110
0110001111101111
1000111110101100
